100 560
0.548813503927 0.715189366372
0.602763376072 0.544883182997
0.423654799339 0.645894113067
0.437587211263 0.891773000782
0.963662760501 0.383441518826
0.791725038083 0.528894919753
0.568044561094 0.925596638293
0.0710360581979 0.0871292997015
0.0202183974403 0.832619845548
0.77815675095 0.870012148247
0.978618342233 0.799158564217
0.461479362253 0.780529176286
0.118274425869 0.639921021328
0.143353287409 0.94466891705
0.52184832175 0.414661939991
0.264555612105 0.774233689434
0.456150332217 0.568433948869
0.0187898004364 0.617635497076
0.612095722722 0.616933996875
0.943748078515 0.681820299103
0.359507900574 0.437031953799
0.697631195927 0.0602254716293
0.666766715446 0.670637869618
0.210382561074 0.128926297655
0.315428350924 0.363710770943
0.570196770418 0.438601513462
0.988373838059 0.102044810748
0.208876756095 0.161309517885
0.653108325465 0.25329160254
0.466310772856 0.244425592002
0.158969583646 0.110375141164
0.656329589465 0.138182951349
0.19658236168 0.368725170661
0.820993229848 0.0971012757931
0.837944907499 0.096098407894
0.976459465013 0.468651201648
0.97676108819 0.604845519745
0.739263579398 0.0391877922543
0.282806962576 0.120196561213
0.296140197522 0.118727718954
0.317983179394 0.414262994515
0.0641474963488 0.69247211937
0.566601454207 0.265389490939
0.523248053467 0.0939405107584
0.575946495556 0.929296197576
0.318568952451 0.667410379964
0.131797862404 0.716327204119
0.289406092947 0.183191362007
0.58651293481 0.0201075461875
0.828940029217 0.00469547619255
0.677816536796 0.270007973192
0.735194022123 0.962188545117
0.24875314352 0.576157334418
0.592041931272 0.572251905791
0.223081632641 0.952749011517
0.447125378618 0.846408672471
0.699479275318 0.297436950855
0.813797819702 0.396505740847
0.881103197111 0.581272872636
0.881735361855 0.692531590078
0.72525427982 0.501324381927
0.956083634723 0.64399019923
0.423855048558 0.606393214128
0.0191931983093 0.301574816675
0.660173537493 0.29007760721
0.618015428999 0.428768700946
0.135474064222 0.298282325956
0.569964910701 0.590872761248
0.57432524885 0.653200819857
0.652103270002 0.431418435434
0.896546595851 0.367561870048
0.435864925266 0.891923355016
0.806193989046 0.70388858354
0.100226887312 0.919482613745
0.714241299549 0.998847006568
0.149448304658 0.868126057368
0.162492934676 0.615559564284
0.123819982849 0.848008229322
0.807318958725 0.569100738615
0.407183297226 0.0691669954551
0.697428773145 0.453542682678
0.72205559947 0.866382325929
0.975521505003 0.855803342393
0.011714084185 0.359978064478
0.729990562424 0.171629677261
0.521036606204 0.0543379883393
0.199996524896 0.0185217944606
0.793697703357 0.22392468806
0.345351680697 0.928081293466
0.704414401924 0.0318389295313
0.164694156498 0.6214784015
0.577228588604 0.237892821375
0.934213997925 0.613965955966
0.535632803025 0.589909976355
0.730122029517 0.31194499548
0.398221062216 0.209843748975
0.18619300588 0.944372389984
0.739550795049 0.490458808618
0.227414627973 0.25435648177
0.0580291603239 0.434416625558
5 58 0.103594909429
17 12 0.101950160807
49 34 0.0918454340535
52 76 0.0948333240383
95 43 0.170485510148
1 60 0.13000534855
82 10 0.0567293688968
26 4 0.282479635852
44 81 0.159078677051
76 12 0.0504852167515
26 10 0.697182009933
70 4 0.0689691438444
49 37 0.0960811402902
27 98 0.094875656425
45 90 0.160583932806
9 51 0.10169702163
14 16 0.167218589108
33 37 0.100168394907
90 76 0.00631490391821
78 72 0.134792539469
21 89 0.029185744052
12 17 0.101950160807
66 32 0.0932545891004
89 49 0.127449593613
15 90 0.182500652897
10 19 0.122409982238
50 28 0.0298317407296
34 87 0.135267782474
65 1 0.117111904009
54 74 0.493318197055
91 28 0.0774264614167
0 11 0.109071275144
42 14 0.155836795752
22 18 0.0766356535366
71 55 0.0468869292748
39 79 0.121601132008
49 86 0.629095460725
9 82 0.197875557627
17 83 0.257754569956
69 1 0.12372822666
79 85 0.114814961644
73 75 0.0711353906882
60 22 0.179130824541
8 77 0.104738201505
83 99 0.0876708939921
89 37 0.0356155998685
97 57 0.119748902347
97 80 0.0560095088688
74 44 0.154799120937
74 51 0.0422239195143
45 52 0.114897195345
20 52 0.177827128814
68 0 0.0670330442995
13 75 0.0767851457215
3 88 0.099124594407
80 1 0.131547042542
54 15 0.18326977708
10 26 0.697182009933
45 2 0.107265954325
4 26 0.282479635852
80 69 0.0504369264654
0 68 0.0670330442995
26 34 0.150546414293
72 78 0.134792539469
46 8 0.161164374017
37 21 0.0466458927127
63 66 0.116327469983
17 41 0.0875090887559
62 45 0.121689180127
51 74 0.0422239195143
70 87 0.176662205173
76 90 0.00631490391821
26 36 0.5029347959
35 36 0.136194652092
42 28 0.0873487130914
1 18 0.0726526838766
48 31 0.137172032759
9 10 0.212614862956
5 60 0.0719617694341
46 77 0.131922473297
46 12 0.0775937375336
11 2 0.139847409014
95 47 0.112031456601
86 7 0.146074610205
74 54 0.493318197055
4 35 0.0861652232225
32 66 0.0932545891004
15 45 0.119702382523
35 5 0.194309325727
2 68 0.150847513469
84 50 0.111357164388
67 93 0.0343456048462
10 36 0.194321920134
72 9 0.16847292207
24 40 0.0506167408728
93 68 0.0741811042999
98 66 0.101894784215
87 70 0.176662205173
9 72 0.16847292207
61 36 0.0442703401143
75 15 0.148544501695
41 8 0.146871205087
60 78 0.106434233448
80 94 0.145322930166
88 71 0.0974681689338
94 57 0.118962840922
72 22 0.143337275682
58 78 0.0747815129618
91 29 0.111110030791
53 18 0.0489759513963
81 6 0.165002226441
84 21 0.116008730846
28 50 0.0298317407296
68 22 0.0940716506223
60 5 0.0719617694341
24 95 0.174727483506
69 56 0.142110956965
21 84 0.116008730846
6 55 0.144541283451
52 45 0.114897195345
30 7 0.0909542414787
87 33 0.129727497723
78 60 0.106434233448
7 30 0.0909542414787
2 0 0.143061292686
93 16 0.0823327572864
44 88 0.230598015239
12 41 0.0754409862393
12 76 0.0504852167515
69 94 0.142691379175
21 37 0.0466458927127
33 34 0.0169813167688
18 22 0.0766356535366
11 0 0.109071275144
84 28 0.112158585939
72 81 0.182984930843
49 89 0.127449593613
31 91 0.127275396357
8 46 0.161164374017
36 58 0.0985195504326
90 45 0.160583932806
48 79 0.185919198789
18 68 0.0523630704391
29 43 0.16089628212
21 31 0.0882223970459
11 15 0.197024355162
24 20 0.0855511692078
43 95 0.170485510148
33 49 0.0927468782225
86 38 0.131130952803
65 25 0.0488191387723
35 58 0.147568487843
15 54 0.18326977708
72 58 0.143687167185
46 41 0.0717330962375
19 92 0.0685208769305
70 26 0.280947595097
39 95 0.136830675886
81 72 0.182984930843
36 35 0.136194652092
6 0 0.211284295764
21 48 0.118138545342
26 49 0.186804797423
78 22 0.173391816598
11 45 0.182261480602
42 29 0.102458312617
88 15 0.173773099087
94 56 0.0339037128312
99 12 0.214153096408
79 43 0.118679209223
81 0 0.229939415254
79 95 0.14096194748
48 86 0.386519662813
91 43 0.153740579892
56 69 0.142110956965
99 52 0.237625895715
75 54 0.112173576918
92 19 0.0685208769305
87 50 0.124708114941
41 12 0.0754409862393
53 1 0.0293938150972
40 52 0.176075481427
48 49 0.242916504183
98 47 0.0943791078604
52 90 0.0954982325523
86 79 0.213286884295
64 56 0.0399887604813
73 8 0.118095296055
86 30 0.100599439407
35 4 0.0861652232225
64 50 0.0267220065499
79 39 0.121601132008
41 17 0.0875090887559
38 27 0.0845928521609
8 41 0.146871205087
28 64 0.0374583416694
87 57 0.173747617129
42 65 0.171278028557
65 69 0.0341906711998
13 54 0.0801367391398
65 14 0.0971962613543
46 90 0.100391541094
10 61 0.156796155997
2 45 0.107265954325
86 49 0.629095460725
55 3 0.0463562177016
3 71 0.00172883644433
31 84 0.0808988406068
70 35 0.128860853718
5 78 0.0431239867283
87 34 0.135267782474
75 73 0.0711353906882
26 35 0.36679994293
3 55 0.0463562177016
93 1 0.0808327035157
96 13 0.0428407447064
81 22 0.203402932312
2 93 0.125193038436
11 55 0.0674251055895
31 21 0.0882223970459
78 58 0.0747815129618
32 99 0.15333739548
89 21 0.029185744052
25 65 0.0488191387723
59 92 0.0944805064929
12 90 0.0499491903616
25 1 0.111159242004
98 27 0.094875656425
86 39 0.138869842261
57 70 0.0876647455419
61 10 0.156796155997
68 67 0.0624803924342
77 73 0.0752676675977
75 13 0.0767851457215
14 29 0.179066561685
64 65 0.144956978422
16 62 0.049838651322
12 99 0.214153096408
88 74 0.375615943548
18 60 0.161772810178
23 27 0.0324182109486
70 57 0.0876647455419
92 59 0.0944805064929
17 99 0.18737364341
50 87 0.124708114941
9 81 0.05621845611
66 27 0.15540111108
37 33 0.100168394907
69 64 0.141571038494
47 38 0.0633395093817
59 19 0.0629309842753
6 3 0.134770763074
35 70 0.128860853718
99 66 0.156621392753
16 93 0.0823327572864
64 28 0.0374583416694
47 95 0.112031456601
65 42 0.171278028557
16 14 0.167218589108
58 35 0.147568487843
62 93 0.112986563454
63 7 0.220623121797
20 14 0.163874433227
89 48 0.118483675258
57 5 0.134216624827
66 7 0.22076652173
1 69 0.12372822666
36 61 0.0442703401143
19 59 0.0629309842753
15 77 0.158899968778
32 52 0.213892246327
0 6 0.211284295764
81 9 0.05621845611
54 88 0.124733559901
24 32 0.118951727032
46 15 0.144837084847
15 55 0.196318485683
22 78 0.173391816598
59 9 0.205494226598
34 49 0.0918454340535
43 79 0.118679209223
53 93 0.0591083514032
31 28 0.115153715185
94 69 0.142691379175
95 79 0.14096194748
6 88 0.222706741009
57 80 0.129595400112
32 40 0.12966052577
85 43 0.0396642191522
60 1 0.13000534855
76 52 0.0948333240383
30 66 0.189370402992
80 60 0.055293305244
61 92 0.0371448004067
87 56 0.119503828238
8 17 0.21498909502
84 33 0.117626392037
33 84 0.117626392037
57 97 0.119748902347
59 10 0.144068121043
87 84 0.0824218900558
28 91 0.0774264614167
2 11 0.139847409014
27 66 0.15540111108
37 84 0.132766116717
15 46 0.144837084847
67 53 0.0288813277956
24 47 0.182385347308
44 6 0.00872509639707
43 48 0.0972304060915
40 32 0.12966052577
92 36 0.0435136443765
24 98 0.140373701198
19 10 0.122409982238
74 82 0.297873858575
28 84 0.112158585939
88 55 0.130492538517
58 59 0.111260513387
54 75 0.112173576918
93 62 0.112986563454
58 5 0.103594909429
96 75 0.0846385036805
52 99 0.237625895715
77 46 0.131922473297
56 50 0.0349517246481
22 81 0.203402932312
5 35 0.194309325727
75 77 0.032581250498
82 9 0.197875557627
43 31 0.140242963364
57 94 0.118962840922
27 47 0.0834493211241
52 40 0.176075481427
62 2 0.0395014065157
65 64 0.144956978422
67 18 0.0495398155421
7 66 0.22076652173
82 51 0.262821442022
57 87 0.173747617129
55 71 0.0468869292748
58 92 0.0623666165564
31 48 0.137172032759
86 48 0.386519662813
42 64 0.0967741590277
11 6 0.180001972592
52 32 0.213892246327
75 96 0.0846385036805
64 69 0.141571038494
88 6 0.222706741009
1 25 0.111159242004
16 20 0.16311420509
29 95 0.0763682693412
14 65 0.0971962613543
66 63 0.116327469983
98 32 0.118451786155
8 73 0.118095296055
73 77 0.0752676675977
29 20 0.2202363824
43 29 0.16089628212
8 83 0.472718284559
1 80 0.131547042542
30 86 0.100599439407
40 20 0.0473574490019
88 44 0.230598015239
20 29 0.2202363824
2 62 0.0395014065157
10 59 0.144068121043
26 87 0.229681305108
52 20 0.177827128814
35 26 0.36679994293
6 81 0.165002226441
12 46 0.0775937375336
54 13 0.0801367391398
27 30 0.0713094425291
48 89 0.118483675258
4 70 0.0689691438444
15 75 0.148544501695
47 24 0.182385347308
37 89 0.0356155998685
29 24 0.192339437358
36 92 0.0435136443765
66 30 0.189370402992
77 8 0.104738201505
66 99 0.156621392753
80 57 0.129595400112
49 48 0.242916504183
58 36 0.0985195504326
76 99 0.209106299289
15 11 0.197024355162
44 51 0.162608982668
37 49 0.0960811402902
28 42 0.0873487130914
61 19 0.039790481317
99 83 0.0876708939921
99 17 0.18737364341
71 3 0.00172883644433
90 15 0.182500652897
20 24 0.0855511692078
93 53 0.0591083514032
44 74 0.154799120937
55 6 0.144541283451
48 43 0.0972304060915
55 88 0.130492538517
91 42 0.0294788538222
17 8 0.21498909502
85 48 0.0738841848951
59 72 0.0763903155272
0 22 0.126086462281
60 97 0.0179569215359
94 87 0.10857919148
98 24 0.140373701198
15 88 0.173773099087
50 56 0.0349517246481
99 76 0.209106299289
32 24 0.118951727032
10 82 0.0567293688968
22 60 0.179130824541
90 12 0.0499491903616
62 52 0.177693234452
60 18 0.161772810178
95 39 0.136830675886
36 26 0.5029347959
93 25 0.155206052668
0 81 0.229939415254
92 58 0.0623666165564
43 91 0.153740579892
32 98 0.118451786155
39 86 0.138869842261
63 83 0.0588801876875
5 57 0.134216624827
51 82 0.262821442022
49 26 0.186804797423
81 51 0.0967028943985
13 96 0.0428407447064
69 65 0.0341906711998
90 52 0.0954982325523
20 16 0.16311420509
55 15 0.196318485683
43 85 0.0396642191522
77 75 0.032581250498
51 9 0.10169702163
68 2 0.150847513469
95 24 0.174727483506
22 72 0.143337275682
22 68 0.0940716506223
18 67 0.0495398155421
83 17 0.257754569956
25 16 0.172809291851
95 29 0.0763682693412
27 38 0.0845928521609
45 11 0.182261480602
68 93 0.0741811042999
84 37 0.132766116717
49 33 0.0927468782225
93 2 0.125193038436
13 73 0.0499423293357
26 70 0.280947595097
38 47 0.0633395093817
90 46 0.100391541094
99 32 0.15333739548
71 88 0.0974681689338
72 59 0.0763903155272
30 27 0.0713094425291
52 62 0.177693234452
47 98 0.0943791078604
50 64 0.0267220065499
34 33 0.0169813167688
55 11 0.0674251055895
9 59 0.205494226598
51 44 0.162608982668
53 67 0.0288813277956
97 60 0.0179569215359
45 15 0.119702382523
48 21 0.118138545342
80 97 0.0560095088688
33 87 0.129727497723
29 91 0.111110030791
27 23 0.0324182109486
93 67 0.0343456048462
56 87 0.119503828238
78 5 0.0431239867283
36 10 0.194321920134
3 6 0.134770763074
60 80 0.055293305244
25 93 0.155206052668
19 61 0.039790481317
50 84 0.111357164388
24 29 0.192339437358
67 68 0.0624803924342
66 98 0.101894784215
94 80 0.145322930166
16 25 0.172809291851
77 15 0.158899968778
23 86 0.110891947738
54 96 0.0378277487113
40 24 0.0506167408728
88 3 0.099124594407
51 81 0.0967028943985
56 94 0.0339037128312
18 1 0.0726526838766
1 93 0.0808327035157
68 18 0.0523630704391
83 63 0.0588801876875
20 40 0.0473574490019
87 94 0.10857919148
79 48 0.185919198789
87 26 0.229681305108
29 14 0.179066561685
62 16 0.049838651322
28 31 0.115153715185
92 61 0.0371448004067
57 35 0.177943188601
56 64 0.0399887604813
73 13 0.0499423293357
84 87 0.0824218900558
58 72 0.143687167185
34 26 0.150546414293
42 91 0.0294788538222
31 43 0.140242963364
45 62 0.121689180127
62 20 0.1811733754
38 86 0.131130952803
59 58 0.111260513387
64 42 0.0967741590277
69 80 0.0504369264654
6 11 0.180001972592
47 39 0.0648144230868
83 66 0.138285562553
1 65 0.117111904009
14 42 0.155836795752
79 86 0.213286884295
88 54 0.124733559901
47 27 0.0834493211241
84 31 0.0808988406068
22 0 0.126086462281
6 44 0.00872509639707
86 23 0.110891947738
7 86 0.146074610205
1 53 0.0293938150972
96 54 0.0378277487113
10 9 0.212614862956
35 57 0.177943188601
41 46 0.0717330962375
29 42 0.102458312617
91 31 0.127275396357
66 83 0.138285562553
74 88 0.375615943548
0 2 0.143061292686
20 62 0.1811733754
39 47 0.0648144230868
14 20 0.163874433227
18 53 0.0489759513963
85 79 0.114814961644
81 44 0.159078677051
97 5 0.0648034433909
83 8 0.472718284559
82 74 0.297873858575
7 63 0.220623121797
48 85 0.0738841848951
5 97 0.0648034433909
